Hub	BAM	BED	BigBed	BigWig	CRAM	VCFTabix	
SRP041424	0	0	0	0	2	0	
ERP008794	0	0	0	0	1	0	
DRP002329	0	0	0	0	16	0	
SRP019502	0	0	0	0	4	0	
SRP013491	0	0	0	0	4	0	
SRP029729	0	0	0	0	2	0	
SRP065775	0	0	0	0	3	0	
SRP002106	0	0	0	0	34	0	
SRP038904	0	0	0	0	6	0	
SRP044814	0	0	0	0	6	0	
SRP009068	0	0	0	0	2	0	
SRP022925	0	0	0	0	4	0	
SRP043448	0	0	0	0	3	0	
SRP046270	0	0	0	0	10	0	
ERP008780	0	0	0	0	1	0	
SRP022165	0	0	0	0	4	0	
SRP040120	0	0	0	0	6	0	
SRP058799	0	0	0	0	6	0	
SRP056594	0	0	0	0	12	0	
trackHub	0	0	6	13	0	0	
SRP047445	0	0	0	0	4	0	
SRP065617	0	0	0	0	2	0	
SRP047517	0	0	0	0	11	0	
SRP033371	0	0	0	0	28	0	
ERP009798	0	0	0	0	18	0	
SRP050323	0	0	0	0	1	0	
SRP066057	0	0	0	0	3	0	
SRP058710	0	0	0	0	5	0	
SRP052559	0	0	0	0	4	0	
ERP008785	0	0	0	0	1	0	
SRP007110	0	0	0	0	1	0	
DRP001255	0	0	0	0	2	0	
SRP049993	0	0	0	0	18	0	
SRP014594	0	0	0	0	2	0	
SRP017578	0	0	0	0	19	0	
SRP017642	0	0	0	0	1	0	
ERP008767	0	0	0	0	9	0	
SRP043224	0	0	0	0	4	0	
SRP041113	0	0	0	0	10	0	
SRP041079	0	0	0	0	33	0	
SRP041507	0	0	0	0	82	0	
SRP029141	0	0	0	0	2	0	
SRP002588	0	0	0	0	1	0	
SRP026486	0	0	0	0	6	0	
SRP059884	0	0	0	0	21	0	
SRP042353	0	0	0	0	6	0	
SRP036640	0	0	0	0	28	0	
SRP050051	0	0	0	0	6	0	
ERP008788	0	0	0	0	1	0	
EDCC_BCGSC	0	0	28	884	0	0	
SRP032469	0	0	0	0	24	0	
ERP008808	0	0	0	0	1	0	
SRP045323	0	0	0	0	6	0	
SRP046998	0	0	0	0	20	0	
DRP002691	0	0	0	0	1	0	
SRP040660	0	0	0	0	9	0	
SRP066148	0	0	0	0	6	0	
SRP017478	0	0	0	0	1	0	
SRP061745	0	0	0	0	5	0	
SRP016843	0	0	0	0	4	0	
SRP037558	0	0	0	0	1	0	
SRP010324	0	0	0	0	8	0	
SRP021472	0	0	0	0	1	0	
SRP008837	0	0	0	0	4	0	
SRP043981	0	0	0	0	10	0	
SRP016018	0	0	0	0	4	0	
SRP046088	0	0	0	0	6	0	
SRP001787	0	0	0	0	20	0	
SRP011560	0	0	0	0	16	0	
SRP052302	0	0	0	0	15	0	
SRP054163	0	0	0	0	4	0	
SRP018228	0	0	0	0	12	0	
ERP005857	0	0	0	0	3	0	
SRP045669	0	0	0	0	14	0	
SRP065592	0	0	0	0	15	0	
SRP056884	0	0	0	0	33	0	
SRP051665	0	0	0	0	48	0	
SRP012153	0	0	0	0	8	0	
SRP011565	0	0	0	0	2	0	
SRP063423	0	0	0	0	4	0	
DRP002522	0	0	0	0	18	0	
SRP028962	0	0	0	0	1	0	
SRP047343	0	0	0	0	4	0	
SRP015433	0	0	0	0	24	0	
ERP008779	0	0	0	0	1	0	
SRP037745	0	0	0	0	6	0	
SRP049992	0	0	0	0	6	0	
SRP011435	0	0	0	0	4	0	
SRP050172	0	0	0	0	6	0	
SRP013756	0	0	0	0	4	0	
SRP040002	0	0	0	0	4	0	
SRP038912	0	0	0	0	3	0	
ERP008791	0	0	0	0	1	0	
SRP017324	0	0	0	0	14	0	
SRP038713	0	0	0	0	3	0	
UltraconservedElements	0	0	1	0	0	0	
SRP052226	0	0	0	0	15	0	
SRP008505	0	0	0	0	11	0	
SRP061678	0	0	0	0	3	0	
SRP041022	0	0	0	0	6	0	
SRP041704	0	0	0	0	94	0	
SRP033661	0	0	0	0	38	0	
SRP050012	0	0	0	0	36	0	
SRP011128	0	0	0	0	6	0	
SRP052987	0	0	0	0	6	0	
SRP048201	0	0	0	0	30	0	
SRP014794	0	0	0	0	2	0	
SRP047420	0	0	0	0	6	0	
TJ_Tabasco_hub	0	0	16	0	0	0	
SRP004925	0	0	0	0	16	0	
DRP000768	0	0	0	0	12	0	
SRP031623	0	0	0	0	6	0	
SRP063832	0	0	0	0	4	0	
SRP045932	0	0	0	0	24	0	
ERP010598	0	0	0	0	8	0	
SRP058076	0	0	0	0	8	0	
SRP014652	0	0	0	0	270	0	
SRP065945	0	0	0	0	474	0	
SRP039091	0	0	0	0	27	0	
SRP045409	0	0	0	0	14	0	
SRP044696	0	0	0	0	6	0	
ERP002347	0	0	0	0	2	0	
SRP048797	0	0	0	0	1	0	
SRP049001	0	0	0	0	18	0	
ERP000760	0	0	0	0	4	0	
SRP055035	0	0	0	0	6	0	
SRP031847	0	0	0	0	12	0	
SRP009099	0	0	0	0	8	0	
SRP047334	0	0	0	0	21	0	
SRP060477	0	0	0	0	2	0	
SRP043708	0	0	0	0	12	0	
SRP064491	0	0	0	0	14	0	
SRP027369	0	0	0	0	2	0	
SRP017386	0	0	0	0	60	0	
SRP053172	0	0	0	0	6	0	
ERP013651	0	0	0	0	48	0	
SRP022966	0	0	0	0	10	0	
SRP014970	0	0	0	0	8	0	
SRP048726	0	0	0	0	6	0	
SRP033777	0	0	0	0	8	0	
SRP065230	0	0	0	0	12	0	
SRP028359	0	0	0	0	6	0	
SRP050050	0	0	0	0	30	0	
SRP035353	0	0	0	0	6	0	
SRP017937	0	0	0	0	24	0	
SRP017541	0	0	0	0	2	0	
SRP011930	0	0	0	0	2	0	
SRP040616	0	0	0	0	1	0	
SRP041446	0	0	0	0	6	0	
SRP013427	0	0	0	0	27	0	
SRP014722	0	0	0	0	8	0	
SRP053542	0	0	0	0	3	0	
SRP020356	0	0	0	0	2	0	
SRP050945	0	0	0	0	1	0	
ERP008792	0	0	0	0	1	0	
SRP052309	0	0	0	0	8	0	
SRP053394	0	0	0	0	10	0	
SRP066432	0	0	0	0	62	0	
SRP066949	0	0	0	0	6	0	
SRP032366	0	0	0	0	4	0	
SRP018753	0	0	0	0	503	0	
ERP001385	0	0	0	0	1	0	
SRP065417	0	0	0	0	4	0	
SRP009936	0	0	0	0	13	0	
SRP011566	0	0	0	0	1	0	
SRP029606	0	0	0	0	1	0	
SRP005965	0	0	0	0	6	0	
ERP009837	0	0	0	0	30	0	
Smith Lab Public Hub	0	0	416	479	0	0	
SRP052759	0	0	0	0	6	0	
SRP040809	0	0	0	0	2	0	
SRP018831	0	0	0	0	11	0	
SRP017191	0	0	0	0	6	0	
SRP007424	0	0	0	0	10	0	
SRP050577	0	0	0	0	144	0	
SRP047297	0	0	0	0	24	0	
SRP038107	0	0	0	0	3	0	
SRP061570	0	0	0	0	10	0	
SRP048197	0	0	0	0	28	0	
SRP029598	0	0	0	0	32	0	
SRP040280	0	0	0	0	2	0	
SRP042625	0	0	0	0	4	0	
SRP067853	0	0	0	0	10	0	
SRP035586	0	0	0	0	3	0	
SRP031889	0	0	0	0	16	0	
SRP059860	0	0	0	0	4	0	
SRP010960	0	0	0	0	8	0	
SRP035348	0	0	0	0	16	0	
DRP000448	0	0	0	0	1	0	
SRP019997	0	0	0	0	6	0	
DRP001015	0	0	0	0	3	0	
SRP022148	0	0	0	0	5	0	
SRP043103	0	0	0	0	27	0	
SRP010680	0	0	0	0	58	0	
SRP009369	0	0	0	0	2	0	
SRP045478	0	0	0	0	24	0	
SRP050410	0	0	0	0	4	0	
SRP035332	0	0	0	0	6	0	
SRP047434	0	0	0	0	8	0	
SRP009313	0	0	0	0	12	0	
SRP045061	0	0	0	0	12	0	
SRP042060	0	0	0	0	6	0	
SRP041782	0	0	0	0	2	0	
ERP011069	0	0	0	0	108	0	
SRP061276	0	0	0	0	31	0	
SRP062204	0	0	0	0	2	0	
ERP002617	0	0	0	0	4	0	
SRP050450	0	0	0	0	30	0	
SRP041932	0	0	0	0	30	0	
ERP011293	0	0	0	0	1	0	
McGill_EMC_Hub	0	0	202	983	0	0	
DRP000315	0	0	0	0	20	0	
SRP028684	0	0	0	0	8	0	
SRP058964	0	0	0	0	4	0	
SRP017476	0	0	0	0	1	0	
SRP065615	0	0	0	0	3	0	
SRP029372	0	0	0	0	7	0	
ERP009123	0	0	0	0	18	0	
ERP005391	0	0	0	0	3	0	
SRP060670	0	0	0	0	12	0	
SRP063676	0	0	0	0	40	0	
SRP035440	0	0	0	0	8	0	
SRP053347	0	0	0	0	24	0	
SRP051007	0	0	0	0	5	0	
SRP048474	0	0	0	0	9	0	
ERP008783	0	0	0	0	1	0	
SRP048616	0	0	0	0	9	0	
SRP029637	0	0	0	0	8	0	
SRP008486	0	0	0	0	2	0	
ERP010718	0	0	0	0	3	0	
SRP041709	0	0	0	0	25	0	
SRP008128	0	0	0	0	2	0	
SRP002417	0	0	0	0	1	0	
SRP051531	0	0	0	0	24	0	
xPADHub	0	0	0	32	0	0	
SRP062127	0	0	0	0	4	0	
SRP057498	0	0	0	0	8	0	
ERP008764	0	0	0	0	1	0	
SRP052310	0	0	0	0	8	0	
SRP024292	0	0	0	0	3	0	
SRP037984	0	0	0	0	13	0	
ERP004714	0	0	0	0	57	0	
SRP041167	0	0	0	0	1	0	
ERP004388	0	0	0	0	6	0	
SRP052520	0	0	0	0	4	0	
SRP050133	0	0	0	0	30	0	
SRP034619	0	0	0	0	4	0	
SRP015990	0	0	0	0	29	0	
SRP049368	0	0	0	0	6	0	
SRP040682	0	0	0	0	8	0	
SRP040813	0	0	0	0	8	0	
SRP014211	0	0	0	0	8	0	
SRP059734	0	0	0	0	48	0	
DRP001330	0	0	0	0	12	0	
SRP010481	0	0	0	0	6	0	
SRP043554	0	0	0	0	6	0	
SRP044746	0	0	0	0	24	0	
ERP009927	0	0	0	0	16	0	
SRP019809	0	0	0	0	16	0	
SRP043645	0	0	0	0	28	0	
ERP001600	0	0	0	0	21	0	
ERP008765	0	0	0	0	1	0	
SRP043445	0	0	0	0	1	0	
SRP062901	0	0	0	0	4	0	
SRP054168	0	0	0	0	2	0	
ERP008789	0	0	0	0	1	0	
SRP048912	0	0	0	0	56	0	
SRP043538	0	0	0	0	9	0	
SRP035269	0	0	0	0	27	0	
SRP013489	0	0	0	0	4	0	
SRP059637	0	0	0	0	4	0	
puroTIS	0	0	3	4	0	0	
SRP006773	0	0	0	0	2	0	
SRP045825	0	0	0	0	12	0	
SRP059946	0	0	0	0	4	0	
SRP001315	0	0	0	0	17	0	
DRP000447	0	0	0	0	1	0	
SRP058426	0	0	0	0	4	0	
SRP034631	0	0	0	0	2	0	
SRP029364	0	0	0	0	23	0	
SRP033028	0	0	0	0	2	0	
SRP009678	0	0	0	0	6	0	
SRP022220	0	0	0	0	761	0	
SRP050224	0	0	0	0	12	0	
SRP043607	0	0	0	0	11	0	
ERP008787	0	0	0	0	1	0	
SRP009063	0	0	0	0	4	0	
SRP044123	0	0	0	0	11	0	
DRP000568	0	0	0	0	3	0	
SRP056412	0	0	0	0	84	0	
SRP015130	0	0	0	0	3	0	
SRP035234	0	0	0	0	4	0	
SRP018842	0	0	0	0	3	0	
SRP045418	0	0	0	0	7	0	
SRP056128	0	0	0	0	3	0	
SRP065614	0	0	0	0	1	0	
SRP061705	0	0	0	0	9	0	
SRP016591	0	0	0	0	6	0	
SRP042088	0	0	0	0	6	0	
SRP026336	0	0	0	0	8	0	
SRP018396	0	0	0	0	18	0	
SRP010938	0	0	0	0	18	0	
SRP043425	0	0	0	0	2	0	
SRP014318	0	0	0	0	3	0	
SRP063555	0	0	0	0	4	0	
SRP013631	0	0	0	0	4	0	
SRP035589	0	0	0	0	8	0	
SRP031460	0	0	0	0	2	0	
ERP008815	0	0	0	0	1	0	
ERP008793	0	0	0	0	1	0	
ERP010645	0	0	0	0	8	0	
SRP013432	0	0	0	0	12	0	
SRP029893	0	0	0	0	1	0	
SRP016025	0	0	0	0	12	0	
SRP057281	0	0	0	0	5	0	
SRP035213	0	0	0	0	6	0	
SRP049040	0	0	0	0	18	0	
SRP009884	0	0	0	0	2	0	
SRP017530	0	0	0	0	7	0	
ERP009722	0	0	0	0	16	0	
SRP046938	0	0	0	0	3	0	
SRP010139	0	0	0	0	2	0	
SRP051089	0	0	0	0	4	0	
SRP049386	0	0	0	0	3	0	
SRP049951	0	0	0	0	16	0	
SRP064346	0	0	0	0	239	0	
SRP026531	0	0	0	0	6	0	
SRP018331	0	0	0	0	3	0	
SRP040984	0	0	0	0	2	0	
SRP040597	0	0	0	0	8	0	
SRP042237	0	0	0	0	11	0	
SRP059539	0	0	0	0	7	0	
SRP017256	0	0	0	0	9	0	
SRP050392	0	0	0	0	4	0	
ERP008777	0	0	0	0	1	0	
SRP041593	0	0	0	0	17	0	
SRP059384	0	0	0	0	12	0	
ERP004034	0	0	0	0	5	0	
miRcodeHub	0	0	2	0	0	0	
SRP034742	0	0	0	0	9	0	
SRP013744	0	0	0	0	36	0	
SRP049163	0	0	0	0	4	0	
SRP041992	0	0	0	0	6	0	
SRP048209	0	0	0	0	3	0	
SRP026463	0	0	0	0	1	0	
SRP037559	0	0	0	0	65	0	
ERP008786	0	0	0	0	1	0	
SRP035272	0	0	0	0	12	0	
SRP056903	0	0	0	0	2	0	
ERP008763	0	0	0	0	1	0	
SRP028137	0	0	0	0	12	0	
SRP030121	0	0	0	0	32	0	
SRP012163	0	0	0	0	7	0	
SRP026399	0	0	0	0	12	0	
SRP055765	0	0	0	0	2	0	
SRP026703	0	0	0	0	6	0	
SRP014482	0	0	0	0	68	0	
SRP054169	0	0	0	0	1	0	
SRP063878	0	0	0	0	16	0	
SRP041864	0	0	0	0	4	0	
SRP052011	0	0	0	0	2	0	
SRP051764	0	0	0	0	24	0	
SRP056035	0	0	0	0	12	0	
SRP051185	0	0	0	0	6	0	
SRP030399	0	0	0	0	10	0	
SRP051572	0	0	0	0	15	0	
SRP011279	0	0	0	0	4	0	
SRP047347	0	0	0	0	6	0	
SRP058527	0	0	0	0	6	0	
SRP032830	0	0	0	0	6	0	
SRP064782	0	0	0	0	12	0	
SRP017543	0	0	0	0	2	0	
SRP065916	0	0	0	0	5	0	
SRP014577	0	0	0	0	5	0	
SRP013449	0	0	0	0	6	0	
ERP008809	0	0	0	0	1	0	
SRP052697	0	0	0	0	32	0	
SRP033573	0	0	0	0	4	0	
SRP060325	0	0	0	0	2	0	
SRP040690	0	0	0	0	8	0	
SRP028132	0	0	0	0	4	0	
SRP039045	0	0	0	0	3	0	
DRP001762	0	0	0	0	1	0	
SRP047482	0	0	0	0	4	0	
SRP017638	0	0	0	0	16	0	
SRP028304	0	0	0	0	5	0	
SRP032990	0	0	0	0	2	0	
SRP013982	0	0	0	0	1	0	
SRP015983	0	0	0	0	9	0	
SRP007763	0	0	0	0	5	0	
SRP010124	0	0	0	0	16	0	
SRP042122	0	0	0	0	3	0	
SRP003799	0	0	0	0	35	0	
SRP017158	0	0	0	0	1	0	
SRP028766	0	0	0	0	125	0	
ERP013042	0	0	0	0	2	0	
SRP058975	0	0	0	0	36	0	
SRP058022	0	0	0	0	10	0	
SRP048958	0	0	0	0	16	0	
SRP006703	0	0	0	0	42	0	
SRP057022	0	0	0	0	24	0	
SRP012576	0	0	0	0	24	0	
SRP041897	0	0	0	0	3	0	
SRP032461	0	0	0	0	1	0	
DRP002301	0	0	0	0	7	0	
SRP040811	0	0	0	0	8	0	
SRP008262	0	0	0	0	4	0	
SRP012567	0	0	0	0	4	0	
SRP031787	0	0	0	0	46	0	
SRP042272	0	0	0	0	6	0	
SRP006766	0	0	0	0	7	0	
SRP026082	0	0	0	0	6	0	
SRP013533	0	0	0	0	12	0	
ERP008790	0	0	0	0	1	0	
SRP026540	0	0	0	0	22	0	
SRP011579	0	0	0	0	1	0	
SRP013873	0	0	0	0	24	0	
SRP041017	0	0	0	0	21	0	
AWG_Hub	0	0	1347	1156	0	0	
SRP056568	0	0	0	0	3	0	
ERP002233	0	0	0	0	20	0	
SRP028357	0	0	0	0	113	0	
DRP001141	0	0	0	0	12	0	
DRP001334	0	0	0	0	8	0	
ERP008810	0	0	0	0	1	0	
Blueprint_Hub_20150820	0	0	821	1433	0	0	
SRP017475	0	0	0	0	1	0	
SRP042365	0	0	0	0	6	0	
SRP011086	0	0	0	0	6	0	
SRP017757	0	0	0	0	8	0	
SRP049347	0	0	0	0	17	0	
SRP054056	0	0	0	0	21	0	
ERP001573	0	0	0	0	10	0	
DRP002585	0	0	0	0	9	0	
Blueprint_Hub_20150128	0	0	581	861	0	0	
SRP022869	0	0	0	0	8	0	
SRP006767	0	0	0	0	10	0	
SRP059912	0	0	0	0	12	0	
SRP050315	0	0	0	0	10	0	
SRP010642	0	0	0	0	10	0	
SRP066684	0	0	0	0	3	0	
ERP003480	0	0	0	0	2	0	
SRP048204	0	0	0	0	2	0	
SRP052802	0	0	0	0	3	0	
SRP002288	0	0	0	0	5	0	
SRP008822	0	0	0	0	3	0	
SRP022036	0	0	0	0	2	0	
SRP018088	0	0	0	0	88	0	
SRP017099	0	0	0	0	4	0	
DRP001148	0	0	0	0	2	0	
SRP010947	0	0	0	0	1	0	
SRP026401	0	0	0	0	12	0	
SRP057076	0	0	0	0	12	0	
SRP042123	0	0	0	0	3	0	
SRP055992	0	0	0	0	6	0	
SRP048970	0	0	0	0	10	0	
SRP017111	0	0	0	0	214	0	
SRP065605	0	0	0	0	13	0	
SRP035579	0	0	0	0	75	0	
SRP052306	0	0	0	0	4	0	
SRP029451	0	0	0	0	4	0	
SRP042248	0	0	0	0	4	0	
SRP051715	0	0	0	0	9	0	
SRP052754	0	0	0	0	20	0	
SRP057258	0	0	0	0	36	0	
SRP029957	0	0	0	0	12	0	
SRP021896	0	0	0	0	136	0	
SRP018696	0	0	0	0	10	0	
SRP062687	0	0	0	0	4	0	
SRP010063	0	0	0	0	16	0	
SRP020868	0	0	0	0	9	0	
SRP029353	0	0	0	0	26	0	
ERP010579	0	0	0	0	5	0	
SRP062911	0	0	0	0	10	0	
SRP026114	0	0	0	0	2	0	
SRP017122	0	0	0	0	50	0	
SRP029895	0	0	0	0	2	0	
SRP009826	0	0	0	0	6	0	
ERP008811	0	0	0	0	1	0	
SRP017587	0	0	0	0	6	0	
SRP062359	0	0	0	0	1	0	
SRP040796	0	0	0	0	4	0	
SRP060432	0	0	0	0	12	0	
SRP049707	0	0	0	0	5	0	
SRP052858	0	0	0	0	33	0	
SRP048326	0	0	0	0	24	0	
ERP006778	0	0	0	0	12	0	
SRP029886	0	0	0	0	2	0	
SRP033494	0	0	0	0	18	0	
SRP061365	0	0	0	0	24	0	
SRP036860	0	0	0	0	2	0	
SRP014178	0	0	0	0	12	0	
SRP055871	0	0	0	0	404	0	
SRP028583	0	0	0	0	12	0	
ERP008797	0	0	0	0	1	0	
SRP060403	0	0	0	0	1	0	
SRP057568	0	0	0	0	1	0	
SRP034714	0	0	0	0	12	0	
SRP040029	0	0	0	0	4	0	
ERP008796	0	0	0	0	1	0	
SRP043993	0	0	0	0	5	0	
SRP049102	0	0	0	0	12	0	
SRP003864	0	0	0	0	16	0	
ERP011070	0	0	0	0	12	0	
SRP011586	0	0	0	0	2	0	
SRP012140	0	0	0	0	2	0	
SRP061737	0	0	0	0	2	0	
SRP021139	0	0	0	0	27	0	
SRP028592	0	0	0	0	4	0	
SRP026161	0	0	0	0	366	0	
SRP049306	0	0	0	0	60	0	
SRP058157	0	0	0	0	2	0	
SRP028599	0	0	0	0	20	0	
SRP018003	0	0	0	0	11	0	
SRP002176	0	0	0	0	4	0	
SRP032234	0	0	0	0	2	0	
ERP001030	0	0	0	0	5	0	
SRP056979	0	0	0	0	3	0	
SRP051513	0	0	0	0	30	0	
SRP035498	0	0	0	0	2	0	
SRP056174	0	0	0	0	2	0	
SRP053600	0	0	0	0	10	0	
SRP041817	0	0	0	0	12	0	
SRP026496	0	0	0	0	3	0	
SRP041621	0	0	0	0	3	0	
SRP018404	0	0	0	0	3	0	
SRP040674	0	0	0	0	8	0	
SRP020362	0	0	0	0	2	0	
SRP033422	0	0	0	0	14	0	
SRP062745	0	0	0	0	16	0	
SRP067326	0	0	0	0	4	0	
SRP051763	0	0	0	0	64	0	
ERP009781	0	0	0	0	44	0	
SRP005847	0	0	0	0	6	0	
ERP000745	0	0	0	0	1	0	
SRP056904	0	0	0	0	6	0	
ERP003465	0	0	0	0	60	0	
SRP040576	0	0	0	0	18	0	
SRP028631	0	0	0	0	1	0	
SRP041554	0	0	0	0	1	0	
SRP053306	0	0	0	0	6	0	
SRP013580	0	0	0	0	5	0	
SRP055503	0	0	0	0	12	0	
SRP056607	0	0	0	0	36	0	
SRP060594	0	0	0	0	2	0	
SRP041308	0	0	0	0	20	0	
NHGRI-1	0	0	7	0	0	1	
SRP048217	0	0	0	0	40	0	
SRP038750	0	0	0	0	2	0	
SRP044116	0	0	0	0	16	0	
SRP053771	0	0	0	0	26	0	
SRP051696	0	0	0	0	9	0	
SRP033653	0	0	0	0	12	0	
SRP014438	0	0	0	0	10	0	
SRP029894	0	0	0	0	2	0	
SRP041212	0	0	0	0	23	0	
SRP032921	0	0	0	0	24	0	
SRP024277	0	0	0	0	24	0	
SRP039594	0	0	0	0	12	0	
SRP041710	0	0	0	0	24	0	
SRP047143	0	0	0	0	1	0	
ERP008795	0	0	0	0	1	0	
SRP038111	0	0	0	0	26	0	
SRP045548	0	0	0	0	3	0	
SRP033660	0	0	0	0	51	0	
SRP016635	0	0	0	0	12	0	
SRP006750	0	0	0	0	4	0	
SRP023101	0	0	0	0	1	0	
SRP031626	0	0	0	0	24	0	
SRP011979	0	0	0	0	7	0	
SRP036525	0	0	0	0	20	0	
ERP008812	0	0	0	0	1	0	
SRP054166	0	0	0	0	2	0	
SRP051213	0	0	0	0	71	0	
SRP027528	0	0	0	0	4	0	
ERP001962	0	0	0	0	1	0	
SRP060286	0	0	0	0	11	0	
ERP011838	0	0	0	0	66	0	
SRP021098	0	0	0	0	51	0	
DRP001761	0	0	0	0	16	0	
SRP028376	0	0	0	0	4	0	
SRP029997	0	0	0	0	2	0	
SRP058133	0	0	0	0	16	0	
SRP008821	0	0	0	0	11	0	
SRP011589	0	0	0	0	4	0	
SRP055954	0	0	0	0	1	0	
SRP041622	0	0	0	0	21	0	
SRP005700	0	0	0	0	8	0	
SRP051508	0	0	0	0	10	0	
SRP037713	0	0	0	0	12	0	
SRP018266	0	0	0	0	42	0	
SRP040808	0	0	0	0	2	0	
SRP018823	0	0	0	0	44	0	
SRP043418	0	0	0	0	24	0	
SRP049534	0	0	0	0	4	0	
SRP028231	0	0	0	0	10	0	
ERP009505	0	0	0	0	28	0	
SRP047144	0	0	0	0	23	0	
SRP028855	0	0	0	0	16	0	
SRP026260	0	0	0	0	6	0	
SRP052705	0	0	0	0	12	0	
SRP029897	0	0	0	0	2	0	
SRP017703	0	0	0	0	2	0	
SRP012592	0	0	0	0	10	0	
SRP041108	0	0	0	0	1	0	
SRP047035	0	0	0	0	24	0	
ERP004505	0	0	0	0	28	0	
SRP018537	0	0	0	0	1	0	
SRP056465	0	0	0	0	96	0	
SRP046456	0	0	0	0	84	0	
SRP049212	0	0	0	0	3	0	
SRP015327	0	0	0	0	2	0	
SRP011187	0	0	0	0	13	0	
SRP041907	0	0	0	0	3	0	
SRP039374	0	0	0	0	6	0	
SRP025919	0	0	0	0	1	0	
ERP004689	0	0	0	0	149	0	
SRP014002	0	0	0	0	6	0	
SRP014792	0	0	0	0	1	0	
SRP063421	0	0	0	0	8	0	
SRP044069	0	0	0	0	7	0	
SRP032173	0	0	0	0	18	0	
SRP063314	0	0	0	0	9	0	
SRP032947	0	0	0	0	6	0	
SRP013564	0	0	0	0	20	0	
SRP058688	0	0	0	0	2	0	
DRP000716	0	0	0	0	57	0	
SRP043070	0	0	0	0	2	0	
track_hub	0	0	3	0	0	0	
SRP006965	0	0	0	0	4	0	
SRP044687	0	0	0	0	4	0	
ERP008674	0	0	0	0	16	0	
SRP050148	0	0	0	0	4	0	
SRP012991	0	0	0	0	1	0	
SRP039458	0	0	0	0	6	0	
SRP056335	0	0	0	0	4	0	
SRP056839	0	0	0	0	4	0	
ERP007245	0	0	0	0	24	0	
SRP052029	0	0	0	0	22	0	
SRP042004	0	0	0	0	16	0	
SRP050162	0	0	0	0	9	0	
SRP048205	0	0	0	0	30	0	
SRP011991	0	0	0	0	8	0	
SRP026261	0	0	0	0	2	0	
SRP054165	0	0	0	0	4	0	
SRP057102	0	0	0	0	12	0	
SRP041183	0	0	0	0	33	0	
SRP036730	0	0	0	0	1	0	
SRP001477	0	0	0	0	2	0	
DRP000997	0	0	0	0	217	0	
ERP005565	0	0	0	0	5	0	
SRP035471	0	0	0	0	12	0	
ERP008813	0	0	0	0	1	0	
SRP045923	0	0	0	0	4	0	
SRP009136	0	0	0	0	5	0	
SRP016527	0	0	0	0	11	0	
SRP010105	0	0	0	0	3	0	
SRP068165	0	0	0	0	19	0	
SRP030771	0	0	0	0	4	0	
SRP019054	0	0	0	0	4	0	
SRP034962	0	0	0	0	3	0	
SRP056837	0	0	0	0	12	0	
SRP010096	0	0	0	0	1	0	
SRP061677	0	0	0	0	12	0	
SRP012587	0	0	0	0	10	0	
SRP012647	0	0	0	0	7	0	
DRP001156	0	0	0	0	2	0	
SRP036626	0	0	0	0	2	0	
SRP067728	0	0	0	0	7	0	
SRP042017	0	0	0	0	5	0	
SRP048829	0	0	0	0	36	0	
SRP034154	0	0	0	0	6	0	
SRP015787	0	0	0	0	6	0	
SRP045121	0	0	0	0	2	0	
ERP008782	0	0	0	0	1	0	
SRP029890	0	0	0	0	9	0	
SRP016593	0	0	0	0	12	0	
SRP035871	0	0	0	0	16	0	
SRP057200	0	0	0	0	7	0	
SRP011401	0	0	0	0	4	0	
SRP026258	0	0	0	0	3	0	
SRP055192	0	0	0	0	24	0	
SRP033322	0	0	0	0	3	0	
SRP015910	0	0	0	0	2	0	
SRP059709	0	0	0	0	21	0	
SRP006310	0	0	0	0	3	0	
SRP033023	0	0	0	0	11	0	
SRP035577	0	0	0	0	12	0	
SRP059592	0	0	0	0	21	0	
SRP017134	0	0	0	0	1	0	
SRP013556	0	0	0	0	8	0	
SRP017907	0	0	0	0	7	0	
SRP057260	0	0	0	0	6	0	
SRP048564	0	0	0	0	6	0	
SRP008348	0	0	0	0	2	0	
SRP042233	0	0	0	0	18	0	
SRP013336	0	0	0	0	6	0	
SRP035849	0	0	0	0	4	0	
SRP022916	0	0	0	0	36	0	
SRP051653	0	0	0	0	3	0	
SRP020528	0	0	0	0	4	0	
SRP040721	0	0	0	0	8	0	
ERP005862	0	0	0	0	12	0	
SRP013555	0	0	0	0	6	0	
SRP007395	0	0	0	0	3	0	
SRP058434	0	0	0	0	3	0	
SRP016026	0	0	0	0	11	0	
ERP009119	0	0	0	0	19	0	
SRP015339	0	0	0	0	251	0	
SRP055443	0	0	0	0	4	0	
SRP013835	0	0	0	0	21	0	
DRP000391	0	0	0	0	3	0	
SRP007361	0	0	0	0	24	0	
SRP062564	0	0	0	0	4	0	
SRP045762	0	0	0	0	2	0	
SRP045512	0	0	0	0	14	0	
SRP042795	0	0	0	0	19	0	
ERP010515	0	0	0	0	2	0	
SRP051670	0	0	0	0	2	0	
SRP042322	0	0	0	0	2	0	
SRP054170	0	0	0	0	4	0	
SRP011929	0	0	0	0	2	0	
SRP063017	0	0	0	0	24	0	
SRP008469	0	0	0	0	10	0	
SRP011893	0	0	0	0	1	0	
SRP011480	0	0	0	0	107	0	
SRP009893	0	0	0	0	8	0	
SRP006463	0	0	0	0	14	0	
SRP052276	0	0	0	0	46	0	
SRP021196	0	0	0	0	28	0	
ERP004161	0	0	0	0	6	0	
SRP056642	0	0	0	0	12	0	
SRP055458	0	0	0	0	15	0	
SRP013490	0	0	0	0	2	0	
SRP008259	0	0	0	0	6	0	
SRP051400	0	0	0	0	4	0	
ERP001184	0	0	0	0	5	0	
ERP010262	0	0	0	0	9	0	
SRP029896	0	0	0	0	4	0	
DRP001140	0	0	0	0	6	0	
ERP004285	0	0	0	0	14	0	
SRP007511	0	0	0	0	6	0	
ERP008781	0	0	0	0	1	0	
SRP022162	0	0	0	0	6	0	
SRP050088	0	0	0	0	6	0	
SRP032924	0	0	0	0	2	0	
DRP001412	0	0	0	0	6	0	
SRP067916	0	0	0	0	5	0	
SRP028878	0	0	0	0	3	0	
SRP026160	0	0	0	0	3	0	
SRP051134	0	0	0	0	4	0	
SRP041156	0	0	0	0	3	0	
SRP004884	0	0	0	0	7	0	
SRP021005	0	0	0	0	2	0	
SRP030646	0	0	0	0	18	0	
SRP053277	0	0	0	0	12	0	
ERP000954	0	0	0	0	2	0	
SRP032854	0	0	0	0	10	0	
SRP018110	0	0	0	0	5	0	
SRP056334	0	0	0	0	2	0	
SRP032274	0	0	0	0	8	0	
SRP051659	0	0	0	0	36	0	
DRP002726	0	0	0	0	6	0	
SRP028843	0	0	0	0	18	0	
SRP066448	0	0	0	0	4	0	
SRP065789	0	0	0	0	2	0	
SRP031872	0	0	0	0	16	0	
